
[adc_temperature pt100_ina826_3V_P4700Ohm]
temperature1: 0
voltage1: 0
temperature2: 1
voltage2: 1.2158203
temperature3: 10
voltage3: 1.2548828
temperature4: 20
voltage4: 1.2939453
temperature5: 30
voltage5: 1.3378906
temperature6: 40
voltage6: 1.3769531
temperature7: 50
voltage7: 1.4208984
temperature8: 60
voltage8: 1.4599609
temperature9: 70
voltage9: 1.4990234
temperature10: 80
voltage10: 1.5380859
temperature11: 90
voltage11: 1.5771484
temperature12: 100
voltage12: 1.6210938
temperature13: 110
voltage13: 1.6601562
temperature14: 120
voltage14: 1.6992188
temperature15: 130
voltage15: 1.7382812
temperature16: 140
voltage16: 1.7773438
temperature17: 150
voltage17: 1.8164062
temperature18: 160
voltage18: 1.8554688
temperature19: 170
voltage19: 1.8945312
temperature20: 180
voltage20: 1.9287109
temperature21: 190
voltage21: 1.9677734
temperature22: 200
voltage22: 2.0068359
temperature23: 210
voltage23: 2.0458984
temperature24: 220
voltage24: 2.0800781
temperature25: 230
voltage25: 2.1191406
temperature26: 240
voltage26: 2.1582031
temperature27: 250
voltage27: 2.1923828
temperature28: 260
voltage28: 2.2314453
temperature29: 270
voltage29: 2.2656250
temperature30: 280
voltage30: 2.3046875
temperature31: 290
voltage31: 2.3388672
temperature32: 300
voltage32: 2.3779297
temperature33: 310
voltage33: 2.4121094
temperature34: 320
voltage34: 2.4462891
temperature35: 330
voltage35: 2.4853516
temperature36: 340
voltage36: 2.5195312
temperature37: 350
voltage37: 2.5537109
temperature38: 360
voltage38: 2.5878906

[temperature_sensor mainboard]
sensor_type: temperature_mcu
#sensor_pin:
min_temp: 10
max_temp: 60
#gcode_id: 

[temperature_sensor host]
sensor_type: temperature_host
sensor_path: /sys/class/thermal/thermal_zone0/temp